# Created by Octave 5.2.0, Sun Nov 01 11:36:22 2020 GMT <unknown@LAPTOP-F92PERN5>
# name: stdarr
# type: matrix
# rows: 1
# columns: 16
 16.800000000000001 23.758787847868 33.600000000000001 47.517575695735999 67.200000000000003 95.035151391471999 134.40000000000001 134.40000000000001 134.40000000000001 134.40000000000001 134.40000000000001 134.40000000000001 134.40000000000001 134.40000000000001 134.40000000000001 134.40000000000001


# name: rrmult
# type: scalar
0.0013333333333333333


